0.000000 0.000000
0.021053 0.000005
0.042105 0.002032
0.063158 0.014623
0.084211 0.039096
0.105263 0.070340
0.126316 0.103798
0.147368 0.136745
0.168421 0.167796
0.189474 0.196344
0.210526 0.222202
0.231579 0.245395
0.252632 0.266045
0.273684 0.284317
0.294737 0.300385
0.315789 0.314412
0.336842 0.326550
0.357895 0.336932
0.378947 0.345672
0.400000 0.352866
0.421053 0.358593
0.442105 0.362914
0.463158 0.365877
0.484211 0.367512
0.505263 0.367839
0.526316 0.366859
0.547368 0.364563
0.568421 0.360926
0.589474 0.355909
0.610526 0.349457
0.631579 0.341501
0.652632 0.331953
0.673684 0.320708
0.694737 0.307643
0.715789 0.292616
0.736842 0.275467
0.757895 0.256028
0.778947 0.234125
0.800000 0.209611
0.821053 0.182401
0.842105 0.152558
0.863158 0.120446
0.884211 0.087002
0.905263 0.054201
0.926316 0.025662
0.947368 0.006645
0.968421 0.000282
0.989474 0.000000
0.989474 0.000000
0.989474 0.000000
