1 0.019149 0.001847 0.000184 0.000000 1 1
1 0.367879 0.019201 0.001847 0.000002 1 10
1 large large 0.367879 0.000184 1 1000
2 0.017528 0.001832 0.000184 0.000000 1 1
2 0.132121 0.017664 0.001832 0.000002 1 10
2 0.009901 0.090864 0.132121 0.000184 1 1000
3 0.000305 0.000003 0.000000 0.000000 2 1
3 0.034546 0.000307 0.000003 0.000000 2 10
3 0.960784 0.666712 0.034546 0.000000 2 1000
4 0.006497 0.000070 0.000001 0.000000 2 1
4 408.000123 48.649591 0.545051 0.000001 2 10
4 large large large large 2 1000
5 0.006443 0.000073 0.000001 0.000000 2 1
5 0.367879 0.006443 0.000073 0.000000 2 10
5 99.000000 9.000045 0.367879 0.000001 2 1000
6 54.245930 large large large 1 1
6 10864.000123 large large large 1 10
6 large large large large 1 1000
